"eta","alpha","beta"
0,9.2527527459807e-05,0.995864913257433
0.015015015015015,0.000350581337127842,0.989650367722623
0.03003003003003,0.000698018422970015,0.982053785275849
0.045045045045045,0.00114491571008812,0.973212650480024
0.0600600600600601,0.00169635179191696,0.963284557077692
0.0750750750750751,0.00237932311269395,0.95236828883675
0.0900900900900901,0.00321523102318444,0.940791864390225
0.105105105105105,0.00413682819416616,0.931420374130313
0.12012012012012,0.00532768166250563,0.921381154983697
0.135135135135135,0.0069776499126738,0.909438294120745
0.15015015015015,0.00922889389317993,0.894911417492056
0.165165165165165,0.012038854879868,0.878196478082389
0.18018018018018,0.0153034830300192,0.859966193682768
0.195195195195195,0.0189145655382698,0.840874847695122
0.21021021021021,0.0227597374594493,0.821581898186348
0.225225225225225,0.0266843718427102,0.802963049843676
0.24024024024024,0.0304736548179092,0.786107826324912
0.255255255255255,0.0340320560430116,0.771346719706882
0.27027027027027,0.0374227682081075,0.758190049433709
0.285285285285285,0.0407298178270198,0.746120394220907
0.3003003003003,0.0440238796790947,0.734765124429817
0.315315315315315,0.0473395316656445,0.723921109819859
0.33033033033033,0.050713588671922,0.7134220085882
0.345345345345345,0.0541648298885046,0.703174846620316
0.36036036036036,0.0577226598837265,0.693073240217369
0.375375375375375,0.0613887791270997,0.683095900854302
0.39039039039039,0.0651838872772775,0.673176803287608
0.405405405405405,0.0691224072181896,0.66327625841258
0.42042042042042,0.0731944812997488,0.653414503600189
0.435435435435435,0.0774111765884846,0.643558677623244
0.45045045045045,0.0817673223659717,0.633722848650037
0.465465465465465,0.0862734719007791,0.623882755681771
0.48048048048048,0.0909176523361451,0.614059760179306
0.495495495495495,0.0956836161701197,0.604288863563218
0.510510510510511,0.100567624348798,0.594572704342124
0.525525525525526,0.105567062875592,0.584913162384165
0.540540540540541,0.110672829825235,0.575324244725651
0.555555555555556,0.115867193164402,0.565835397001263
0.570570570570571,0.121149495656876,0.55644455679449
0.585585585585586,0.126524680464471,0.547137131620731
0.600600600600601,0.131978316195887,0.537932761952929
0.615615615615616,0.137508921659332,0.528828649741812
0.630630630630631,0.14311366154306,0.519824872727768
0.645645645645646,0.148821744372148,0.510873671817078
0.660660660660661,0.154615593825577,0.5019971724036
0.675675675675676,0.160483330715572,0.493210984031014
0.690690690690691,0.166438742718506,0.484489248190977
0.705705705705706,0.172514651464366,0.475784426634848
0.720720720720721,0.178686247097136,0.467127551349909
0.735735735735736,0.184938558705012,0.458537008866828
0.750750750750751,0.191278735818777,0.450003640007233
0.765765765765766,0.197713127083936,0.441513922381678
0.780780780780781,0.204211274130164,0.433103801410117
0.795795795795796,0.210763383770761,0.424785075042592
0.810810810810811,0.217353496253209,0.416574610422395
0.825825825825826,0.223946041904394,0.408507382456969
0.840840840840841,0.230584505319411,0.400530799357356
0.855855855855856,0.237139087949698,0.392792362794185
0.870870870870871,0.243693171425647,0.385189197374387
0.885885885885886,0.250182052574871,0.377787444012709
0.900900900900901,0.256560642209737,0.37063360943281
0.915915915915916,0.26288951751015,0.363653486712828
0.930930930930931,0.269120256594703,0.356892604786742
0.945945945945946,0.275233907389226,0.35036510659055
0.960960960960961,0.281253599715853,0.344038771905629
0.975975975975976,0.287171609989044,0.337915828158934
0.990990990990991,0.29298067268073,0.331998723859112
1.00600600600601,0.298713102801781,0.326247105732218
1.02102102102102,0.30436753345502,0.320658097364162
1.03603603603604,0.309910303306413,0.31526130664569
1.05105105105105,0.315382952078067,0.310009607403522
1.06606606606607,0.320786962560587,0.304897280509566
1.08108108108108,0.326124024773104,0.299918944754356
1.0960960960961,0.331393018394209,0.295071755927446
1.11111111111111,0.336649665409075,0.290303448447275
1.12612612612613,0.341856343803655,0.285644068713326
1.14114114114114,0.347014961695939,0.281088732396058
1.15615615615616,0.35212455406477,0.276635054868863
1.17117117117117,0.357236637596202,0.272238090913672
1.18618618618619,0.362299361504901,0.267940439077078
1.2012012012012,0.367325373944408,0.263726679478089
1.21621621621622,0.372334566465905,0.259578728087951
1.23123123123123,0.377376708738866,0.255455742560651
1.24624624624625,0.382378149539679,0.251415309828121
1.26126126126126,0.387326785969205,0.247465673391816
1.27627627627628,0.392325541813617,0.243524244531778
1.29129129129129,0.397305221192869,0.239642372969328
1.30630630630631,0.402248604526196,0.235834091488297
1.32132132132132,0.407215034980532,0.232052733403448
1.33633633633634,0.412160883417687,0.228327793409059
1.35135135135135,0.417120569127466,0.224635592837122
1.36636636636637,0.422050797386051,0.221006139481829
1.38138138138138,0.426983372959113,0.21741295542608
1.3963963963964,0.431935277746202,0.21384678645501
1.41141141141141,0.436824499315061,0.210362114806419
1.42642642642643,0.441795832875776,0.206856637355294
1.44144144144144,0.4466732375653,0.203454171818979
1.45645645645646,0.451585168592073,0.200062465745921
1.47147147147147,0.456491077952566,0.196709637349085
1.48648648648649,0.461346611674385,0.193425244767841
1.5015015015015,0.466263374501958,0.190132281756524
1.51651651651652,0.471077807364623,0.186940764206219
1.53153153153153,0.475952265525333,0.18374079253347
1.54654654654655,0.480756440720851,0.180617712700896
1.56156156156156,0.485581423294179,0.177511587274157
1.57657657657658,0.490375129057325,0.174454778524057
1.59159159159159,0.495136715986186,0.171447534753227
1.60660660660661,0.499906535733505,0.168463108068897
1.62162162162162,0.504593650212699,0.16555758281994
1.63663663663664,0.509335430731798,0.162645704389881
1.65165165165165,0.513966066300189,0.159827347369035
1.66666666666667,0.518639713601064,0.157009267050955
1.68168168168168,0.523241860675567,0.154258860684828
1.6966966966967,0.527784249367417,0.151567838479689
1.71171171171171,0.532366409873677,0.148877762794067
1.72672672672673,0.536831492817399,0.146279273394859
1.74174174174174,0.541301627787666,0.143699163293157
1.75675675675676,0.545698047264622,0.141185476305098
1.77177177177177,0.550068351301381,0.138706585683896
1.78678678678679,0.554353240551477,0.13629615127821
1.8018018018018,0.558613333211656,0.133921009872689
1.81681681681682,0.562860967958474,0.131571686217592
1.83183183183183,0.56699801131406,0.129302482731213
1.84684684684685,0.571049844984753,0.12709799043617
1.86186186186186,0.575100020591335,0.124911931458805
1.87687687687688,0.579108836798917,0.122766112046261
1.89189189189189,0.583008082787368,0.120695962221898
1.90690690690691,0.586862230841452,0.118665393931468
1.92192192192192,0.590667654318324,0.116675829616571
1.93693693693694,0.594394942617166,0.114742400656874
1.95195195195195,0.598021371656919,0.112876233676919
1.96696696696697,0.601598426470463,0.111049248685908
1.98198198198198,0.605129075569228,0.109259473991385
1.996996996997,0.608616227708955,0.107505112330633
2.01201201201201,0.612053433552784,0.105788860233845
2.02702702702703,0.615415284880697,0.10412285668667
2.04204204204204,0.618682894118138,0.102515778836917
2.05705705705706,0.621894613291891,0.100947567248219
2.07207207207207,0.62506287444129,0.0994119077526422
2.08708708708709,0.62818463863642,0.0979097509884887
2.1021021021021,0.63125064456426,0.0964450466812362
2.11711711711712,0.634264183636621,0.095015689509538
2.13213213213213,0.637225418109008,0.0936211153448881
2.14714714714715,0.640131532948723,0.0922620589738563
2.16216216216216,0.642982762930343,0.0909379075228371
2.17717717717718,0.645779365994638,0.0896480384868361
2.19219219219219,0.648521684681622,0.0883917286097865
2.20720720720721,0.651207004037943,0.0871696786308671
2.22222222222222,0.65391083552506,0.0859481726612629
2.23723723723724,0.656566588085677,0.084756713289265
2.25225225225225,0.659132150090495,0.0836136478939156
2.26726726726727,0.661641766993994,0.0825026305303171
2.28228228228228,0.664095845545439,0.0814229723500443
2.2972972972973,0.666551111536037,0.0803499539529358
2.31231231231231,0.669022120420684,0.0792774474811715
2.32732732732733,0.671446805100926,0.0782316624355944
2.34234234234234,0.673804610625069,0.077221094328845
2.35735735735736,0.676045245366283,0.0762670220994217
2.37237237237237,0.678372348795441,0.0752830454089561
2.38738738738739,0.680654213917445,0.0743239052090377
2.4024024024024,0.682891293903373,0.0733889559328429
2.41741741741742,0.685083298676473,0.072478467671304
2.43243243243243,0.687269427259818,0.0715773659409347
2.44744744744745,0.689414394854289,0.0706980628532209
2.46246246246246,0.691518601311148,0.06984002847657
2.47747747747748,0.693681896354341,0.068963550492051
2.49249249249249,0.69573885864907,0.0681362816577927
2.50750750750751,0.697764386658854,0.0673257111571558
2.52252252252252,0.699792576310289,0.0665183498865147
2.53753753753754,0.701886662566741,0.0656906562086081
2.55255255255255,0.703831748001143,0.0649265325755088
2.56756756756757,0.705746401698547,0.0641777245072895
2.58258258258258,0.707822516562318,0.0633712659996357
2.5975975975976,0.709733705861937,0.0626336110419276
2.61261261261261,0.711578058277715,0.0619250594583595
2.62762762762763,0.713568815065094,0.0611650323745826
2.64264264264264,0.71547733080692,0.0604407620245697
2.65765765765766,0.717260762945859,0.059767435901584
2.67267267267267,0.719189303316755,0.0590436501523853
2.68768768768769,0.721078067689652,0.0583387496099147
2.7027027027027,0.72280415010318,0.0576980662055219
2.71771771771772,0.724687453927053,0.0570030949931482
2.73273273273273,0.726545290731957,0.056321097151947
2.74774774774775,0.728220229984545,0.055709631667616
2.76276276276276,0.730074783264137,0.0550365631691258
2.77777777777778,0.731890890479038,0.054380672527647
2.79279279279279,0.733533971320097,0.0537905487949288
2.80780780780781,0.735359842715686,0.0531385899872491
2.82282282282282,0.737126434475133,0.0525107742800831
2.83783783783784,0.738761403845299,0.0519330114809271
2.85285285285285,0.74055080551164,0.0513041388253104
2.86786786786787,0.742263003008172,0.0507052467641396
2.88288288288288,0.743899890394671,0.05013594988515
2.8978978978979,0.745655665401504,0.0495284110965021
2.91291291291291,0.747306254385493,0.048960019696184
2.92792792792793,0.748952104200276,0.0483965110546043
2.94294294294294,0.750676919723504,0.0478087463495616
2.95795795795796,0.752264090352713,0.047270547655088
2.97297297297297,0.753923084839221,0.0467112498797865
2.98798798798799,0.755619611864175,0.0461417335157224
3.003003003003,0.757141698488906,0.0456333724316899
3.01801801801802,0.758820391006309,0.0450759736751792
3.03303303303303,0.760488623319784,0.0445241686731384
3.04804804804805,0.761990879133952,0.0440301607621892
3.06306306306306,0.763641242165533,0.0434901098820674
3.07807807807808,0.765243524296828,0.0429679252150754
3.09309309309309,0.766765918469844,0.0424746598102535
3.10810810810811,0.768388014650383,0.0419514336571426
3.12312312312312,0.769915573677499,0.0414608221333461
3.13813813813814,0.77146429350812,0.0409662926430717
3.15315315315315,0.773058292931031,0.0404593354418791
3.16816816816817,0.774510080732803,0.0399997135322201
3.18318318318318,0.776083766646576,0.0395044030001934
3.1981981981982,0.777647453919547,0.0390139481116686
3.21321321321321,0.779078807148,0.0385674948291816
3.22822822822823,0.780619973730896,0.0380890380657687
3.24324324324324,0.782115503474281,0.0376264278519667
3.25825825825826,0.783559867840578,0.0371823293869071
3.27327327327327,0.785064321602068,0.0367215268724945
3.28828828828829,0.786464899621026,0.0362942257078975
3.3033033033033,0.787942661652823,0.0358461370316038
3.31831831831832,0.789404242299347,0.0354043237019745
3.33333333333333,0.790784279051956,0.034989401590542
3.34834834834835,0.792219655097519,0.0345598097471106
3.36336336336336,0.793614075310854,0.0341437428479041
3.37837837837838,0.794994385439759,0.033734633030005
3.39339339339339,0.796379550682276,0.0333252823478179
3.40840840840841,0.797728861593298,0.0329283751655445
3.42342342342342,0.799079930366871,0.0325329855415116
3.43843843843844,0.800405299936608,0.032146057547252
3.45345345345345,0.801734255207387,0.0317608128925616
3.46846846846847,0.803024327894425,0.0313877927216286
3.48348348348348,0.804343158112066,0.0310082808655538
3.4984984984985,0.805594154422776,0.0306500166034854
3.51351351351351,0.806885248626966,0.0302812709106199
3.52852852852853,0.808115491786437,0.0299322284420853
3.54354354354354,0.80929815117342,0.0295972599851054
3.55855855855856,0.810582627061736,0.029235749512216
3.57357357357357,0.81171549051122,0.0289178361812759
3.58858858858859,0.812994284208628,0.0285606304788817
3.6036036036036,0.814082469240119,0.0282580758082336
3.61861861861862,0.81531288368431,0.0279170968390131
3.63363363363363,0.816389479266804,0.0276203282362693
3.64864864864865,0.817546696000624,0.0273022820956986
3.66366366366366,0.818635548247054,0.0270045128364396
3.67867867867868,0.819729042278195,0.0267064818827969
3.69369369369369,0.820819681173743,0.0264105743703977
3.70870870870871,0.821858727742469,0.0261297563878594
3.72372372372372,0.822936876349762,0.0258395191046796
3.73873873873874,0.823934699085046,0.0255720990963867
3.75375375375375,0.824984402361278,0.0252916924392774
3.76876876876877,0.825953930324156,0.0250340187351145
3.78378378378378,0.826963597971402,0.0247663588438218
3.7987987987988,0.82791542654868,0.024515488262532
3.81381381381381,0.828869781293337,0.0242643714635908
3.82882882882883,0.82981831846102,0.0240164171215079
3.84384384384384,0.830716195583375,0.023781913614971
3.85885885885886,0.831659850729113,0.0235371807212825
3.87387387387387,0.832550811429194,0.0233064413787386
3.88888888888889,0.833437250862521,0.0230781670095126
3.9039039039039,0.834321361158431,0.0228511624750261
3.91891891891892,0.835147910285996,0.0226396759182601
3.93393393393393,0.836025238492062,0.0224163780824287
3.94894894894895,0.836822016499452,0.0222137619810099
3.96396396396396,0.83766383148161,0.0220013412505133
3.97897897897898,0.838534444533202,0.0217817218781653
3.99399399399399,0.839232697789014,0.0216067814488692
4.00900900900901,0.840096664048748,0.0213908147757177
4.02402402402402,0.840772969523769,0.0212221862794988
4.03903903903904,0.8415868684162,0.0210205155125044
4.05405405405405,0.842377059873258,0.0208249732962968
4.06906906906907,0.843004636349744,0.020670488163461
4.08408408408408,0.843855511406623,0.0204617524501585
4.0990990990991,0.844492997735028,0.0203058634800807
4.11411411411411,0.84519216785615,0.0201356491363572
4.12912912912913,0.845985543944634,0.0199430149473542
4.14414414414414,0.846546353451525,0.0198074328655066
4.15915915915916,0.847291985919555,0.0196278367513908
4.17417417417417,0.847978036716794,0.0194631604868368
4.18918918918919,0.848534611866578,0.0193299404412088
4.2042042042042,0.849298466952032,0.0191478669823259
4.21921921921922,0.849902995349664,0.0190044524574955
4.23423423423423,0.850455380148455,0.0188735817454806
4.24924924924925,0.851211671231664,0.0186951591073306
4.26426426426426,0.851759910362522,0.0185666238283584
4.27927927927928,0.85230814949338,0.0184380885493861
4.29429429429429,0.853006012475111,0.0182751552416724
4.30930930930931,0.853550148460063,0.0181489409811234
4.32432432432432,0.854094284445015,0.0180227267205744
4.33933933933934,0.854731357634208,0.0178754189570174
4.35435435435435,0.855271430562909,0.0177515113612732
4.36936936936937,0.855811503491609,0.0176276037655289
4.38438438438438,0.856380058714394,0.0174972709337216
4.3993993993994,0.856923333864594,0.0173739879645372
4.41441441441441,0.857459381089163,0.0172523724258913
4.42942942942943,0.857995428313731,0.0171307568872453
4.44444444444444,0.858503707337784,0.0170163885457186
4.45945945945946,0.859035765862033,0.016897050749674
4.47447447447447,0.859567824386282,0.0167777129536294
4.48948948948949,0.860010454429204,0.0166786956452061
4.5045045045045,0.860538563150527,0.0165616230828266
4.51951951951952,0.861066671871849,0.0164445505204471
4.53453453453453,0.861594780593172,0.0163274779580676
4.54954954954955,0.861967524320551,0.0162456298432197
4.56456456456456,0.862491719889575,0.0161308090592181
4.57957957957958,0.8630159154586,0.0160159882752165
4.59459459459459,0.863424359477812,0.0159266748871625
4.60960960960961,0.863842725655324,0.0158360136601781
4.62462462462462,0.864363040145404,0.01572343049861
4.63963963963964,0.864883354635484,0.0156108473370418
4.65465465465465,0.865206955814002,0.0155410907457538
4.66966966966967,0.865634230653277,0.0154496695594688
4.68468468468468,0.866150693034727,0.0153393121729471
4.6996996996997,0.866667155416178,0.0152289547864254
4.71471471471471,0.866939978609964,0.0151709871079768
4.72972972972973,0.867341958681666,0.0150860346072092
4.74474474474474,0.867854598053399,0.0149778894593179
4.75975975975976,0.868367237425133,0.0148697443114267
4.77477477477477,0.868626035330674,0.0148154945026707
4.78978978978979,0.868964206141894,0.0147448470071801
4.8048048048048,0.869473052928053,0.0146388989766902
4.81981981981982,0.869981899714212,0.0145329509462003
4.83483483483483,0.87026091564646,0.0144751722597364
4.84984984984985,0.870514394817163,0.0144227457226087
4.86486486486486,0.871006057933497,0.0143217175749969
4.87987987987988,0.87151113986367,0.0142179513084847
4.89489489489489,0.87184892554118,0.0141487865564766
4.90990990990991,0.872100528300651,0.014097446827092
4.92492492492492,0.872453691111311,0.0140256677436167
4.93993993993994,0.872955031701574,0.0139240673074517
4.95495495495495,0.873385923519185,0.0138368419955144
4.96996996996997,0.873635661349977,0.0137865812887339
4.98498498498498,0.87388539918077,0.0137363205819535
5,0.874311961217128,0.013650971423782
5.01501501501502,0.874809583448247,0.0135515212991635
5.03003003003003,0.87512239968458,0.0134892640975626
5.04504504504505,0.875370284084907,0.0134400746797245
5.06006006006006,0.875618168485234,0.0133908852618865
5.07507507507508,0.876076005010807,0.013300628012316
5.09009009009009,0.876558359119226,0.0132056077353323
5.10510510510511,0.876804396765999,0.0131574813700208
5.12012012012012,0.877050434412772,0.0131093550047094
5.13513513513514,0.877296472059546,0.0130612286393979
5.15015015015015,0.877742753753779,0.0129745041335918
5.16516516516517,0.878187064431033,0.0128882904534295
5.18018018018018,0.878431264488911,0.0128412195503873
5.1951951951952,0.878675464546789,0.012794148647345
5.21021021021021,0.878919664604667,0.0127470777443027
5.22522522522523,0.879312517952722,0.0126717785708427
5.24024024024024,0.879761643496581,0.0125859008523249
5.25525525525526,0.880004012991436,0.0125398764983828
5.27027027027027,0.880246382486292,0.0124938521444408
5.28528528528529,0.880488751981147,0.0124478277904988
5.3003003003003,0.880785644946501,0.0123916063927799
5.31531531531532,0.881268559164146,0.012300595080999
5.33033033033033,0.881522030259995,0.0122531534909499
5.34534534534535,0.881762574982785,0.012208166533111
5.36036036036036,0.882003119705575,0.0121631795752722
5.37537537537538,0.882243664428365,0.0121181926174333
5.39039039039039,0.882640175241466,0.0120444858545136
5.40540540540541,0.882984738527113,0.0119807327077368
5.42042042042042,0.883223462134732,0.0119367738224091
5.43543543543544,0.883462185742351,0.0118928149370813
5.45045045045045,0.88370090934997,0.0118488560517536
5.46546546546547,0.883939632957589,0.0118048971664259
5.48048048048048,0.884388414142267,0.0117228650456526
5.4954954954955,0.884628504165497,0.0116793391879572
5.51051051051051,0.884865411207293,0.0116363994487329
5.52552552552553,0.885102318249088,0.0115934597095086
5.54054054054054,0.885339225290884,0.0115505199702843
5.55555555555556,0.885576132332679,0.01150758023106
5.57057057057057,0.885978771704292,0.0114352316210669
5.58558558558559,0.88621386366006,0.0113933011030113
5.6006006006006,0.886448955615829,0.0113513705849558
5.61561561561562,0.886684047571597,0.0113094400669002
5.63063063063063,0.886919139527366,0.0112675095488447
5.64564564564565,0.887154231483134,0.0112255790307891
5.66066066066066,0.887508600528544,0.0111628964137071
5.67567567567568,0.887741877681314,0.0111219644735508
5.69069069069069,0.887975154834083,0.0110810325333944
5.70570570570571,0.888208431986852,0.011040100593238
5.72072072072072,0.888441709139621,0.0109991686530817
5.73573573573574,0.88867498629239,0.0109582367129253
5.75075075075075,0.888975965649825,0.0109056935852808
5.76576576576577,0.889207428402229,0.0108657504325185
5.78078078078078,0.889438891154633,0.0108258072797563
5.7957957957958,0.889670353907037,0.0107858641269941
5.81081081081081,0.889901816659441,0.0107459209742319
5.82582582582583,0.890133279411845,0.0107059778214696
5.84084084084084,0.890364742164249,0.0106660346687074
5.85585585585586,0.890616307652143,0.0106231709232344
5.87087087087087,0.890845955338335,0.0105842045062145
5.88588588588589,0.891075603024528,0.0105452380891947
5.9009009009009,0.89130525071072,0.0105062716721748
5.91591591591592,0.891534898396913,0.010467305255155
5.93093093093093,0.891764546083106,0.0104283388381351
5.94594594594595,0.891969601088661,0.0103935802698308
5.96096096096096,0.892197431385289,0.010355578182188
5.97597597597598,0.892425261681916,0.0103175760945451
5.99099099099099,0.892653091978544,0.0102795740069023
6.00600600600601,0.892880922275172,0.0102415719192594
6.02102102102102,0.893108752571799,0.0102035698316166
6.03603603603604,0.893336582868427,0.0101655677439737
6.05105105105105,0.893491386015323,0.0101397898163233
6.06606606606607,0.893717394489783,0.0101027401078821
6.08108108108108,0.893943402964243,0.0100656903994409
6.0960960960961,0.894169411438704,0.0100286406909997
6.11111111111111,0.894395419913164,0.00999159098255847
6.12612612612613,0.894621428387625,0.00995454127411726
6.14114114114114,0.894847436862085,0.00991749156567604
6.15615615615616,0.894983041946761,0.00989526174061131
6.17117117117117,0.895174344424152,0.00986444816580411
6.18618618618619,0.895398527014843,0.00982833850782692
6.2012012012012,0.895622709605535,0.00979222884984973
6.21621621621622,0.895846892196227,0.00975611919187254
6.23123123123123,0.896071074786919,0.00972000953389535
6.24624624624625,0.896295257377611,0.00968389987591816
6.26126126126126,0.896477592551373,0.00965453068743004
6.27627627627628,0.896569497532998,0.00963998892612024
6.29129129129129,0.896791848294993,0.00960480724553201
6.30630630630631,0.897014199056988,0.00956962556494378
6.32132132132132,0.897236549818983,0.00953444388435556
6.33633633633634,0.897458900580978,0.00949926220376733
6.35135135135135,0.897681251342973,0.0094640805231791
6.36636636636637,0.897903602104968,0.00942889884259087
6.38138138138138,0.897959930964674,0.00941998615017518
6.3963963963964,0.898126049940623,0.0093941718718181
6.41141141141141,0.898346561855599,0.00935990513063614
6.42642642642643,0.898567073770576,0.00932563838945417
6.44144144144144,0.898787585685552,0.00929137164827221
6.45645645645646,0.899008097600529,0.00925710490709024
6.47147147147147,0.899228609515505,0.00922283816590828
6.48648648648649,0.899430010397851,0.00919154120896208
6.5015015015015,0.899430010397851,0.00919154120896208
6.51651651651652,0.899618063450618,0.00916284692579262
6.53153153153153,0.899836729791046,0.00912948148024673
6.54654654654655,0.900055396131473,0.00909611603470084
6.56156156156156,0.900274062471901,0.00906275058915495
6.57657657657658,0.900492728812329,0.00902938514360906
6.59159159159159,0.900711395152756,0.00899601969806317
6.60660660660661,0.900887786000701,0.00896910490532282
6.62162162162162,0.900887786000701,0.00896910490532282
6.63663663663664,0.90104967228111,0.00894485388668407
6.65165165165165,0.901266484263799,0.00891237484386431
6.66666666666667,0.901483296246489,0.00887989580104456
6.68168168168168,0.901700108229179,0.00884741675822481
6.6966966966967,0.901916920211869,0.00881493771540505
6.71171171171171,0.902133732194559,0.0087824586725853
6.72672672672673,0.902333199218634,0.00875257795319113
6.74174174174174,0.902333199218634,0.00875257795319113
6.75675675675676,0.902419178820287,0.00873993532727278
6.77177177177177,0.902634127824421,0.00870832876247691
6.78678678678679,0.902849076828555,0.00867672219768104
6.8018018018018,0.903064025832689,0.00864511563288517
6.81681681681682,0.903278974836822,0.0086135090680893
6.83183183183183,0.903493923840956,0.00858190250329343
6.84684684684685,0.90370887284509,0.00855029593849757
6.86186186186186,0.903766192579526,0.00854186752121867
6.87687687687688,0.903766192579526,0.00854186752121867
6.89189189189189,0.903940914220796,0.00851665393936209
6.90690690690691,0.904153989393077,0.00848590566880528
6.92192192192192,0.904367064565358,0.00845515739824847
6.93693693693694,0.904580139737639,0.00842440912769167
6.95195195195195,0.90479321490992,0.00839366085713486
6.96696696696697,0.905006290082201,0.00836291258657806
6.98198198198198,0.905186693728065,0.00833687905083996
6.996996996997,0.905186693728065,0.00833687905083996
7.01201201201201,0.905188101667589,0.00833667968264797
7.02702702702703,0.905399292596139,0.00830677445384885
7.04204204204204,0.905610483524688,0.00827686922504973
7.05705705705706,0.905821674453237,0.00824696399625061
7.07207207207207,0.906032865381787,0.00821705876745148
7.08708708708709,0.906244056310336,0.00818715353865236
7.1021021021021,0.906455247238886,0.00815724830985324
7.11711711711712,0.906594633251729,0.00813751085884582
7.13213213213213,0.906594633251729,0.00813751085884582
7.14714714714715,0.906594633251729,0.00813751085884582
7.16216216216216,0.906796952725404,0.00810940176167462
7.17717717717718,0.907006248732654,0.00808032338529063
7.19219219219219,0.907215544739904,0.00805124500890663
7.20720720720721,0.907424840747154,0.00802216663252263
7.22222222222222,0.907634136754404,0.00799308825613863
7.23723723723724,0.907843432761654,0.00796400987975463
7.25225225225225,0.907989939966729,0.00794365501628583
7.26726726726727,0.907989939966729,0.00794365501628583
7.28228228228228,0.907989939966729,0.00794365501628583
7.2972972972973,0.908133729138569,0.0079240569706461
7.31231231231231,0.908341117367185,0.00789579055866572
7.32732732732733,0.9085485055958,0.00786752414668535
7.34234234234234,0.908755893824416,0.00783925773470497
7.35735735735736,0.908963282053032,0.00781099132272459
7.37237237237237,0.909170670281647,0.00778272491074421
7.38738738738739,0.9093725281575,0.00775521226974998
7.4024024024024,0.9093725281575,0.00775521226974998
7.41741741741742,0.9093725281575,0.00775521226974998
7.43243243243243,0.909412251842337,0.00774990130077847
7.44744744744745,0.909617719177701,0.00772243077161551
7.46246246246246,0.909823186513065,0.00769496024245255
7.47747747747748,0.910028653848429,0.00766748971328959
7.49249249249249,0.910234121183793,0.00764001918412663
7.50750750750751,0.910439588519157,0.00761254865496367
7.52252252252252,0.91064505585452,0.00758507812580072
7.53753753753754,0.910742310393259,0.00757207540866358
7.55255255255255,0.910742310393259,0.00757207540866358
7.56756756756757,0.910742310393259,0.00757207540866358
7.58258258258258,0.91083864944802,0.00755944162404778
7.5975975975976,0.911042182662304,0.00753275052978905
7.61261261261261,0.911245715876588,0.00750605943553032
7.62762762762763,0.911449249090872,0.00747936834127158
7.64264264264264,0.911652782305155,0.00745267724701285
7.65765765765766,0.911856315519439,0.00742598615275412
7.67267267267267,0.912059848733723,0.00739929505849538
7.68768768768769,0.912099198488485,0.00739413478027203
7.7027027027027,0.912099198488485,0.00739413478027203
7.71771771771772,0.912099198488485,0.00739413478027203
7.73273273273273,0.912206711549409,0.00738030628594085
7.74774774774775,0.912408298538641,0.00735437785906989
7.76276276276276,0.912609885527874,0.00732844943219893
7.77777777777778,0.912811472517107,0.00730252100532797
7.79279279279279,0.91301305950634,0.00727659257845701
7.80780780780781,0.913214646495572,0.00725066415158605
7.82282282282282,0.913416233484805,0.00722473572471509
7.83783783783784,0.913443111750036,0.00722127860113229
7.85285285285285,0.913443111750036,0.00722127860113229
7.86786786786787,0.913443111750036,0.00722127860113229
7.88288288288288,0.913520300363069,0.00721154136609993
7.8978978978979,0.913719926086431,0.0071863588617059
7.91291291291291,0.913919551809792,0.00716117635731187
7.92792792792793,0.914119177533154,0.00713599385291783
7.94294294294294,0.914318803256515,0.0071108113485238
7.95795795795796,0.914518428979877,0.00708562884412977
7.97297297297297,0.914718054703239,0.00706044633973573
7.98798798798799,0.91477394990578,0.00705339523850541
8.003003003003,0.91477394990578,0.00705339523850541
8.01801801801802,0.91477394990578,0.00705339523850541
8.03303303303303,0.914777902908113,0.00705290617679933
8.04804804804805,0.914975553024794,0.00702845309149547
8.06306306306306,0.915173203141475,0.0070040000061916
8.07807807807808,0.915370853258156,0.00697954692088774
8.09309309309309,0.915568503374837,0.00695509383558388
8.10810810810811,0.915766153491518,0.00693064075028001
8.12312312312312,0.915963803608198,0.00690618766497615
8.13813813813814,0.916091617350319,0.00689037466981299
8.15315315315315,0.916091617350319,0.00689037466981299
8.16816816816817,0.916091617350319,0.00689037466981299
8.18318318318318,0.916091617350319,0.00689037466981299
8.1981981981982,0.916185534132668,0.00687897842497403
8.21321321321321,0.916381194095895,0.00685523624822619
8.22822822822823,0.916576854059122,0.00683149407147835
8.24324324324324,0.91677251402235,0.00680775189473052
8.25825825825826,0.916968173985577,0.00678400971798268
8.27327327327327,0.917163833948804,0.00676026754123485
8.28828828828829,0.917359493912031,0.00673652536448701
8.3033033033033,0.917396017105167,0.00673209349149408
8.31831831831832,0.917396017105167,0.00673209349149408
8.33333333333333,0.917396017105167,0.00673209349149408
8.34834834834835,0.917396017105167,0.00673209349149408
8.36336336336336,0.917543195409565,0.0067145763559472
8.37837837837838,0.917736851073246,0.00669152749338552
8.39339339339339,0.917930506736927,0.00666847863082383
8.40840840840841,0.918124162400608,0.00664542976826214
8.42342342342342,0.918317818064289,0.00662238090570046
8.43843843843844,0.91851147372797,0.00659933204313877
8.45345345345345,0.918687054863041,0.00657843440774951
8.46846846846847,0.918687054863041,0.00657843440774951
8.48348348348348,0.918687054863041,0.00657843440774951
8.4984984984985,0.918687054863041,0.00657843440774951
8.51351351351351,0.918687054863041,0.00657843440774951
8.52852852852853,0.918854418973389,0.00655889498861999
8.54354354354354,0.919046057267681,0.00653652160793734
8.55855855855856,0.919237695561974,0.00651414822725469
8.57357357357357,0.919429333856266,0.00649177484657204
8.58858858858859,0.919620972150558,0.00646940146588938
8.6036036036036,0.91981261044485,0.00644702808520673
8.61861861861862,0.919964643491655,0.00642927853653183
8.63363363363363,0.919964643491655,0.00642927853653183
8.64864864864865,0.919964643491655,0.00642927853653183
8.66366366366366,0.919964643491655,0.00642927853653183
8.67867867867868,0.919964643491655,0.00642927853653183
8.69369369369369,0.920120120791787,0.00641147199120218
8.70870870870871,0.920309727255362,0.00638975669201968
8.72372372372372,0.920499333718937,0.00636804139283718
8.73873873873874,0.920688940182512,0.00634632609365468
8.75375375375375,0.920878546646087,0.00632461079447218
8.76876876876877,0.921068153109662,0.00630289549528968
8.78378378378378,0.921228686582156,0.00628450987531517
8.7987987987988,0.921228686582156,0.00628450987531517
8.81381381381381,0.921228686582156,0.00628450987531517
8.82882882882883,0.921228686582156,0.00628450987531517
8.84384384384384,0.921228686582156,0.00628450987531517
8.85885885885886,0.921343723431878,0.00627158396434306
8.87387387387387,0.921531283512946,0.00625050910949724
8.88888888888889,0.921718843594015,0.00622943425465141
8.9039039039039,0.921906403675083,0.00620835939980559
8.91891891891892,0.922093963756152,0.00618728454495976
8.93393393393393,0.92228152383722,0.00616620969011394
8.94894894894895,0.922469083918289,0.00614513483526812
8.96396396396396,0.922479087122613,0.00614401084300967
8.97897897897898,0.922479087122613,0.00614401084300967
8.99399399399399,0.922479087122613,0.00614401084300967
9.00900900900901,0.922479087122613,0.00614401084300967
9.02402402402402,0.922528554059852,0.00613855699066344
9.03903903903904,0.922714055074502,0.00611810504436509
9.05405405405405,0.922899556089152,0.00609765309806674
9.06906906906907,0.923085057103802,0.00607720115176839
9.08408408408408,0.923270558118452,0.00605674920547004
9.0990990990991,0.923456059133102,0.00603629725917169
9.11411411411411,0.923641560147752,0.00601584531287333
9.12912912912913,0.923715760553612,0.00600766453435399
9.14414414414414,0.923715760553612,0.00600766453435399
9.15915915915916,0.923715760553612,0.00600766453435399
9.17417417417417,0.923715760553612,0.00600766453435399
9.18918918918919,0.923715760553612,0.00600766453435399
9.2042042042042,0.923868617452075,0.0059911247723203
9.21921921921922,0.924052045730232,0.00597127705787988
9.23423423423423,0.924235474008389,0.00595142934343945
9.24924924924925,0.924418902286545,0.00593158162899902
9.26426426426426,0.924602330564702,0.00591173391455859
9.27927927927928,0.924785758842859,0.00589188620011817
9.29429429429429,0.924938615741323,0.00587534643808448
9.30930930930931,0.924938615741323,0.00587534643808448
9.32432432432432,0.924938615741323,0.00587534643808448
9.33933933933934,0.924938615741323,0.00587534643808448
9.35435435435435,0.924938615741323,0.00587534643808448
9.36936936936937,0.924993018601295,0.00586956805380271
9.38438438438438,0.925174361467869,0.00585030677286348
9.3993993993994,0.925355704334442,0.00583104549192426
9.41441441441441,0.925537047201016,0.00581178421098503
9.42942942942943,0.92571839006759,0.0057925229300458
9.44444444444444,0.925899732934164,0.00577326164910658
9.45945945945946,0.926081075800738,0.00575400036816735
9.47447447447447,0.926147568185148,0.00574693789848963
9.48948948948949,0.926147568185148,0.00574693789848963
9.5045045045045,0.926147568185148,0.00574693789848963
9.51951951951952,0.926147568185148,0.00574693789848963
9.53453453453453,0.926147568185148,0.00574693789848963
9.54954954954955,0.926275430137227,0.00573360355125409
9.56456456456456,0.926454675864441,0.0057149105411108
9.57957957957958,0.926633921591655,0.00569621753096751
9.59459459459459,0.926813167318869,0.00567752452082422
9.60960960960961,0.926992413046083,0.00565883151068093
9.62462462462462,0.927171658773297,0.00564013850053764
9.63963963963964,0.927342539699907,0.00562231783086771
9.65465465465465,0.927342539699907,0.00562231783086771
9.66966966966967,0.927342539699907,0.00562231783086771
9.68468468468468,0.927342539699907,0.00562231783086771
9.6996996996997,0.927342539699907,0.00562231783086771
9.71471471471471,0.927355529733596,0.00562098738108672
9.72972972972973,0.927532666556625,0.00560284488407321
9.74474474474474,0.927709803379653,0.0055847023870597
9.75975975975976,0.927886940202681,0.00556655989004619
9.77477477477477,0.92806407702571,0.00554841739303268
9.78978978978979,0.928241213848738,0.00553027489601917
9.8048048048048,0.928418350671766,0.00551213239900566
9.81981981981982,0.92852345185343,0.00550136785077765
9.83483483483483,0.92852345185343,0.00550136785077765
9.84984984984985,0.92852345185343,0.00550136785077765
9.86486486486486,0.92852345185343,0.00550136785077765
9.87987987987988,0.92852345185343,0.00550136785077765
9.89489489489489,0.928599292390383,0.00549373680098339
9.90990990990991,0.92877430901412,0.00547612668607357
9.92492492492492,0.928949325637858,0.00545851657116375
9.93993993993994,0.929124342261595,0.00544090645625393
9.95495495495495,0.929299358885333,0.00542329634134411
9.96996996996997,0.92947437550907,0.00540568622643429
9.98498498498498,0.929649392132808,0.00538807611152447
10,0.929690229345013,0.00538396708471218
10.015015015015,0.929690229345013,0.00538396708471218
10.03003003003,0.929690229345013,0.00538396708471218
10.045045045045,0.929690229345013,0.00538396708471218
10.0600600600601,0.929690229345013,0.00538396708471218
10.0750750750751,0.929833149374452,0.00536983433952022
10.0900900900901,0.930006036506838,0.005352738276788
10.1051051051051,0.930178923639223,0.00533564221405579
10.1201201201201,0.930351810771608,0.00531854615132358
10.1351351351351,0.930524697903994,0.00530145008859137
10.1501501501502,0.930697585036379,0.00528435402585916
10.1651651651652,0.930842810227583,0.0052699933331641
10.1801801801802,0.930842810227583,0.0052699933331641
10.1951951951952,0.930842810227583,0.0052699933331641
10.2102102102102,0.930842810227583,0.0052699933331641
10.2252252252252,0.930842810227583,0.0052699933331641
10.2402402402402,0.930888343143915,0.00526556678078725
10.2552552552553,0.931059091580157,0.00524896720937407
10.2702702702703,0.931294987875772,0.00522605171344089
10.2852852852853,0.931743286487559,0.00518255365295362
10.3003003003003,0.932309838240111,0.00512761423950358
10.3153153153153,0.932949437877806,0.00506561430967283
10.3303303303303,0.933707193621113,0.00499221368572932
10.3453453453453,0.934390565632853,0.00492607217609404
10.3603603603604,0.935108189159364,0.00485670242496941
10.3753753753754,0.935694626875889,0.0048000504482434
10.3903903903904,0.936212176643046,0.00475018841773511
10.4054054054054,0.936621225904708,0.00471082652758487
10.4204204204204,0.937118987483207,0.00466305231036957
10.4354354354354,0.937679762001858,0.0046093259327123
10.4504504504505,0.938168932450514,0.0045624897497928
10.4654654654655,0.938623619505349,0.00451899833896878
10.4804804804805,0.939142612677942,0.00446941713415233
10.4954954954955,0.93957303234212,0.00442833849789674
10.5105105105105,0.939986591797958,0.00438887189575499
10.5255255255255,0.94024812827446,0.00436400597910899
10.5405405405405,0.940510250191377,0.00433913736475815
10.5555555555556,0.940772372108294,0.00431426875040732
10.5705705705706,0.940996216211265,0.00429306101065671
10.5855855855856,0.941271991184678,0.00426703481579177
10.6006006006006,0.94168944078576,0.00422768371264774
10.6156156156156,0.942096446659535,0.00418932940192463
10.6306306306306,0.942443108269199,0.00415670205131234
10.6456456456456,0.942817870264285,0.00412147362297281
10.6606606606607,0.94320281444963,0.00408529429201876
10.6756756756757,0.94358611810961,0.00404930516711879
10.6906906906907,0.94380828270308,0.00402847859045569
10.7057057057057,0.944004948504888,0.00401011182109317
10.7207207207207,0.944214640752891,0.00399053252458627
10.7357357357357,0.944388634129368,0.0039743015140809
10.7507507507508,0.944606707066957,0.00395402010871921
10.7657657657658,0.944944813602857,0.00392264641362276
10.7807807807808,0.945320219071672,0.00388784694509621
10.7957957957958,0.945682598094291,0.00385426000371403
10.8108108108108,0.945979844885936,0.00382673569805372
10.8258258258258,0.946301316980737,0.00379698254231765
10.8408408408408,0.946645723949961,0.00376513882249772
10.8558558558559,0.946936071556954,0.003738353056067
10.8708708708709,0.94710633375315,0.00372268306011297
10.8858858858859,0.947239564953092,0.00371043778591496
10.9009009009009,0.947372796153034,0.00369819251171695
10.9159159159159,0.947552498459867,0.00368170813799702
10.9309309309309,0.947937973921646,0.00364648876031972
10.9459459459459,0.948269621018032,0.003616216189055
10.960960960961,0.948565281298901,0.00358924892787298
10.975975975976,0.94886094157977,0.00356228166669096
10.990990990991,0.949156601860639,0.00353531440550894
11.006006006006,0.949489367298935,0.00350498900457231
11.021021021021,0.949760601359698,0.00348033754416604
11.036036036036,0.949894461641728,0.00346822739121329
11.0510510510511,0.950028321923759,0.00345611723826055
11.0660660660661,0.950162182205789,0.0034440070853078
11.0810810810811,0.950366425431775,0.00342557010525234
11.0960960960961,0.950717611630544,0.00339392946831006
11.1111111111111,0.951028965838286,0.00336591256675884
11.1261261261261,0.951298546606504,0.0033416962486888
11.1411411411411,0.951592722353297,0.00331527777037486
11.1561561561562,0.951886898100091,0.00328885929206091
11.1711711711712,0.952181073846884,0.00326244081374697
11.1861861861862,0.952420103615768,0.00324103493316538
11.2012012012012,0.95255563310837,0.00322893795544124
11.2162162162162,0.952691162600973,0.0032168409777171
11.2312312312312,0.952784814157082,0.00320849362419204
11.2462462462462,0.953061760609929,0.00318390731339365
11.2612612612613,0.953354151025158,0.00315795224653685
11.2762762762763,0.953698948118351,0.00312737464239793
11.2912912912913,0.953992680222219,0.00310136245012107
11.3063063063063,0.954286412326087,0.00307535025784422
11.3213213213213,0.954580144429955,0.00304933806556736
11.3363363363363,0.95482041529323,0.00302806442638706
11.3513513513514,0.954907431788169,0.0030203741615751
11.3663663663664,0.955060694933196,0.00300688203482578
11.3813813813814,0.955197074910133,0.00299492760637206
11.3963963963964,0.955456916781602,0.00297217586360421
11.4114114114114,0.955748920995343,0.00294661137509068
11.4264264264264,0.956040925209085,0.00292104688657714
11.4414414414414,0.956332929422827,0.00289548239806361
11.4564564564565,0.956641094805632,0.00286851305416552
11.4714714714715,0.956904215329957,0.00284554570612248
11.4864864864865,0.957129911436009,0.00282585483486717
11.5015015015015,0.957257348460849,0.00281478714252122
11.5165165165165,0.957394198673755,0.00280290371512288
11.5315315315315,0.957533094968893,0.0027908436182486
11.5465465465465,0.957823401349171,0.00276570998015522
11.5615615615616,0.958135113913221,0.00273876446047788
11.5765765765766,0.958426846079969,0.00271357297855607
11.5915915915916,0.958712302788006,0.00268892532000252
11.6066066066066,0.958956969014425,0.00266781251334265
11.6216216216216,0.959201635240844,0.00264669970668277
11.6366366366366,0.959413097595616,0.00262846849334785
11.6516516516517,0.959572794659557,0.00261474988103587
11.6666666666667,0.959711600575906,0.00260287740840496
11.6816816816817,0.95994521444311,0.00258291715546003
11.6966966966967,0.960235309642739,0.00255813865041311
11.7117117117117,0.960525404842369,0.00253336014536619
11.7267267267267,0.960815500041998,0.00250858164031928
11.7417417417417,0.961070220770348,0.00248683172759041
11.7567567567568,0.961332711439923,0.00246447418431759
11.7717717717718,0.961578152298863,0.0024435853240391
11.7867867867868,0.961697347618007,0.00243348090522187
11.8018018018018,0.961836718651175,0.00242167581626866
11.8168168168168,0.962069541632814,0.00240198944239954
11.8318318318318,0.96235803811567,0.00237760783496348
11.8468468468468,0.962672937005657,0.00235101646668977
11.8618618618619,0.962962950859234,0.00232657170496147
11.8768768768769,0.963252964712811,0.00230212694323317
11.8918918918919,0.963508913241731,0.00228056161819323
11.9069069069069,0.9637537076378,0.00225993911755566
11.9219219219219,0.963855341602168,0.00225139007466163
11.9369369369369,0.963979996187965,0.00224092563439935
11.951951951952,0.96427923847505,0.00221594479915898
11.966966966967,0.964567723403097,0.00219187638301507
11.981981981982,0.964856208331145,0.00216780796687117
11.996996996997,0.965144693259192,0.00214373955072726
12.012012012012,0.96543317818724,0.00211967113458336
12.027027027027,0.965721663115288,0.00209560271843946
12.042042042042,0.965984184315137,0.00207375744437577
12.0570570570571,0.966110010827157,0.00206334490110261
12.0720720720721,0.966353621961065,0.0020432015208988
12.0870870870871,0.966597233094972,0.00202305814069499
12.1021021021021,0.96684084422888,0.00200291476049118
12.1171171171171,0.96710528050901,0.00198105878288444
12.1321321321321,0.967457569419356,0.00195199586567946
12.1471471471471,0.967746175378482,0.00192821313965919
12.1621621621622,0.967959476415419,0.00191065176839785
12.1771771771772,0.968223111212096,0.00188902149647389
12.1921921921922,0.968509573817462,0.0018655223312793
12.2072072072072,0.968807601299628,0.00184107952059484
12.2222222222222,0.969140069912453,0.0018138611114939
12.2372372372372,0.96938478674735,0.00179385424481838
12.2522522522523,0.969629503582247,0.00177384737814286
12.2672672672673,0.969861670533568,0.0017548761660541
12.2822822822823,0.970104254823807,0.0017351385770536
12.2972972972973,0.970439701394297,0.00170787421801109
12.3123123123123,0.970782894567369,0.00168000690013138
12.3273273273273,0.971069623930176,0.00165674679258449
12.3423423423423,0.971356353292982,0.0016334866850376
12.3573573573574,0.971643082655788,0.00161022657749071
12.3723723723724,0.972052948451814,0.00157708086918156
12.3873873873874,0.972440207942922,0.00154580965325042
12.4024024024024,0.972691407203662,0.00152556644521022
12.4174174174174,0.972935244300404,0.00150591985010387
12.4324324324324,0.973179081397147,0.00148627325499753
12.4474474474474,0.97355686470977,0.00145590085469789
12.4624624624625,0.97400909706752,0.00141958649497939
12.4774774774775,0.974268020028573,0.00139884733121327
12.4924924924925,0.974547229687601,0.00137650049497311
12.5075075075075,0.974882357210142,0.00134969749249091
12.5225225225225,0.975347879466506,0.00131251131798569
12.5375375375375,0.975865322444109,0.00127119820037229
12.5525525525526,0.976189094876666,0.00124539251704577
12.5675675675676,0.976542425074729,0.00121727145867832
12.5825825825826,0.976983522608389,0.00118219950080577
12.5975975975976,0.977469493137836,0.001143594234649
12.6126126126126,0.977896817192082,0.00110968068869162
12.6276276276276,0.978274412085663,0.00107978037705478
12.6426426426426,0.978759855805797,0.00104138541626543
12.6576576576577,0.979298672449814,0.000998788103781851
12.6726726726727,0.979839899359859,0.000956066703763311
12.6876876876877,0.980420906058986,0.000910281518651806
12.7027027027027,0.981114916381472,0.000855647901041016
12.7177177177177,0.981941763022355,0.000790636638165135
12.7327327327327,0.982994838740358,0.000707964325969276
12.7477477477477,0.984004464474265,0.000628742010076701
12.7627627627628,0.984922593767233,0.000556723725659957
12.7777777777778,0.98572822251651,0.000493554078319118
12.7927927927928,0.98638149575698,0.000442354460669611
12.8078078078078,0.986879590862541,0.00040333185437145
12.8228228228228,0.987135331628741,0.000383303736874809
12.8378378378378,0.987135331628741,0.000383303736874809
12.8528528528529,0.987135331628741,0.000383303736874809
12.8678678678679,0.987135331628741,0.000383303736874809
12.8828828828829,0.987135331628741,0.000383303736874809
12.8978978978979,0.987146466762181,0.000382443467685409
12.9129129129129,0.987186235095895,0.000379371077723267
12.9279279279279,0.987226003429609,0.000376298687761124
12.9429429429429,0.987265771763323,0.000373226297798981
12.957957957958,0.987305540097036,0.000370153907836839
12.972972972973,0.98734530843075,0.000367081517874696
12.987987987988,0.987385076764464,0.000364009127912553
13.003003003003,0.9874004538535,0.000362821137127191
13.018018018018,0.9874004538535,0.000362821137127191
13.033033033033,0.9874004538535,0.000362821137127191
13.048048048048,0.9874004538535,0.000362821137127191
13.0630630630631,0.9874004538535,0.000362821137127191
13.0780780780781,0.9874004538535,0.000362821137127191
13.0930930930931,0.9874004538535,0.000362821137127191
13.1081081081081,0.9874004538535,0.000362821137127191
13.1231231231231,0.987413672267885,0.00036181731303675
13.1381381381381,0.987452549957251,0.000358864889241336
13.1531531531532,0.987491427646617,0.000355912465445922
13.1681681681682,0.987530305335984,0.000352960041650508
13.1831831831832,0.98756918302535,0.000350007617855093
13.1981981981982,0.987608060714716,0.000347055194059679
13.2132132132132,0.987646938404082,0.000344102770264265
13.2282282282282,0.987659638449275,0.000343138311824429
13.2432432432432,0.987659638449275,0.000343138311824429
13.2582582582583,0.987659638449275,0.000343138311824429
13.2732732732733,0.987659638449275,0.000343138311824429
13.2882882882883,0.987659638449275,0.000343138311824429
13.3033033033033,0.987659638449275,0.000343138311824429
13.3183183183183,0.987659638449275,0.000343138311824429
13.3333333333333,0.987659638449275,0.000343138311824429
13.3483483483483,0.987659638449275,0.000343138311824429
13.3633633633634,0.987678634761908,0.000341721299471925
13.3783783783784,0.987716627387172,0.000338887274766917
13.3933933933934,0.987754620012436,0.000336053250061909
13.4084084084084,0.987792612637701,0.0003332192253569
13.4234234234234,0.987830605262965,0.000330385200651892
13.4384384384384,0.987868597888229,0.000327551175946884
13.4534534534535,0.987906590513494,0.000324717151241875
13.4684684684685,0.987912922617704,0.000324244813791041
13.4834834834835,0.987912922617704,0.000324244813791041
13.4984984984985,0.987912922617704,0.000324244813791041
13.5135135135135,0.987912922617704,0.000324244813791041
13.5285285285285,0.987912922617704,0.000324244813791041
13.5435435435435,0.987912922617704,0.000324244813791041
13.5585585585586,0.987912922617704,0.000324244813791041
13.5735735735736,0.987912922617704,0.000324244813791041
13.5885885885886,0.987912922617704,0.000324244813791041
13.6036036036036,0.987912922617704,0.000324244813791041
13.6186186186186,0.987945830662235,0.000321834914555752
13.6336336336336,0.987982944998171,0.000319116983087382
13.6486486486486,0.988020059334108,0.000316399051619012
13.6636636636637,0.988057173670044,0.000313681120150642
13.6786786786787,0.988094288005981,0.000310963188682271
13.6936936936937,0.988131402341917,0.000308245257213901
13.7087087087087,0.988160351523947,0.000306125270668572
13.7237237237237,0.988160351523947,0.000306125270668572
13.7387387387387,0.988160351523947,0.000306125270668572
13.7537537537538,0.988160351523947,0.000306125270668572
13.7687687687688,0.988160351523947,0.000306125270668572
13.7837837837838,0.988160351523947,0.000306125270668572
13.7987987987988,0.988160351523947,0.000306125270668572
13.8138138138138,0.988160351523947,0.000306125270668572
13.8288288288288,0.988160351523947,0.000306125270668572
13.8438438438438,0.988160351523947,0.000306125270668572
13.8588588588589,0.988160351523947,0.000306125270668572
13.8738738738739,0.988172915961763,0.000305222568530802
13.8888888888889,0.988209159532386,0.000302618620056464
13.9039039039039,0.988245403103009,0.000300014671582126
13.9189189189189,0.988281646673631,0.000297410723107789
13.9339339339339,0.988317890244254,0.000294806774633451
13.9489489489489,0.988354133814877,0.000292202826159113
13.963963963964,0.9883903773855,0.000289598877684775
13.978978978979,0.988401975328099,0.000288765614172987
13.993993993994,0.988401975328099,0.000288765614172987
14.009009009009,0.988401975328099,0.000288765614172987
14.024024024024,0.988401975328099,0.000288765614172987
14.039039039039,0.988401975328099,0.000288765614172987
14.0540540540541,0.988401975328099,0.000288765614172987
14.0690690690691,0.988401975328099,0.000288765614172987
14.0840840840841,0.988401975328099,0.000288765614172987
14.0990990990991,0.988401975328099,0.000288765614172987
14.1141141141141,0.988401975328099,0.000288765614172987
14.1291291291291,0.988401975328099,0.000288765614172987
14.1441441441441,0.988401975328099,0.000288765614172987
14.1591591591592,0.988431930898046,0.000286655546920108
14.1741741741742,0.988467311492471,0.000284163341503321
14.1891891891892,0.988502692086896,0.000281671136086534
14.2042042042042,0.988538072681321,0.000279178930669747
14.2192192192192,0.988573453275746,0.00027668672525296
14.2342342342342,0.988608833870172,0.000274194519836174
14.2492492492492,0.9886378459576,0.000272150911394408
14.2642642642643,0.9886378459576,0.000272150911394408
14.2792792792793,0.9886378459576,0.000272150911394408
14.2942942942943,0.9886378459576,0.000272150911394408
14.3093093093093,0.9886378459576,0.000272150911394408
14.3243243243243,0.9886378459576,0.000272150911394408
14.3393393393393,0.9886378459576,0.000272150911394408
14.3543543543544,0.9886378459576,0.000272150911394408
14.3693693693694,0.9886378459576,0.000272150911394408
14.3843843843844,0.9886378459576,0.000272150911394408
14.3993993993994,0.9886378459576,0.000272150911394408
14.4144144144144,0.9886378459576,0.000272150911394408
14.4294294294294,0.9886378459576,0.000272150911394408
14.4444444444444,0.988649354604,0.000271356637647257
14.4594594594595,0.988683880543198,0.000268973816405804
14.4744744744745,0.988718406482397,0.000266590995164352
14.4894894894895,0.988752932421595,0.000264208173922899
14.5045045045045,0.988787458360794,0.000261825352681446
14.5195195195195,0.988821984299992,0.000259442531439993
14.5345345345345,0.98885651023919,0.00025705971019854
14.5495495495495,0.98886801888559,0.000256265436451389
14.5645645645646,0.98886801888559,0.000256265436451389
14.5795795795796,0.98886801888559,0.000256265436451389
14.5945945945946,0.98886801888559,0.000256265436451389
14.6096096096096,0.98886801888559,0.000256265436451389
14.6246246246246,0.98886801888559,0.000256265436451389
14.6396396396396,0.98886801888559,0.000256265436451389
14.6546546546547,0.98886801888559,0.000256265436451389
14.6696696696697,0.98886801888559,0.000256265436451389
14.6846846846847,0.98886801888559,0.000256265436451389
14.6996996996997,0.98886801888559,0.000256265436451389
14.7147147147147,0.98886801888559,0.000256265436451389
14.7297297297297,0.98886801888559,0.000256265436451389
14.7447447447447,0.98886801888559,0.000256265436451389
14.7597597597598,0.988891371740671,0.000254687476339941
14.7747747747748,0.988925053743191,0.000252411572333045
14.7897897897898,0.988958735745711,0.00025013566832615
14.8048048048048,0.988992417748231,0.000247859764319254
14.8198198198198,0.989026099750751,0.000245583860312359
14.8348348348348,0.989059781753272,0.000243307956305463
14.8498498498498,0.989092565569058,0.000241092743072085
14.8648648648649,0.989092565569058,0.000241092743072085
14.8798798798799,0.989092565569058,0.000241092743072085
14.8948948948949,0.989092565569058,0.000241092743072085
14.9099099099099,0.989092565569058,0.000241092743072085
14.9249249249249,0.989092565569058,0.000241092743072085
14.9399399399399,0.989092565569058,0.000241092743072085
14.954954954955,0.989092565569058,0.000241092743072085
14.96996996997,0.989092565569058,0.000241092743072085
14.984984984985,0.989092565569058,0.000241092743072085
15,0.989092565569058,0.000241092743072085
